0 277 70 108 206 25 241 172 217 13 95 145 162 510 6 73 160 257 242 131 190 304 475 108 129 360 115 47 35 0 97 58 157 332 72 68 158 
1 277 70 108 206 25 241 171 217 13 95 145 162 510 6 73 160 257 242 131 190 304 475 108 129 360 115 47 35 0 97 58 157 332 72 68 157 
2 277 70 109 206 11 95 148 161 506 4 79 163 39 240 156 215 260 240 128 195 360 115 47 35 
3 278 69 108 207 11 95 149 159 41 235 156 223 492 5 91 160 359 115 48 36 256 240 133 174 0 97 59 156 
4 278 69 108 207 13 95 146 159 492 0 90 161 258 239 128 174 51 236 146 216 360 115 47 35 0 95 60 161 353 361 99 139 
5 277 70 108 206 486 4 98 161 13 95 146 157 53 233 137 176 260 242 102 158 360 114 47 36 72 377 162 105 0 95 59 160 
6 276 70 110 205 485 4 100 161 13 95 145 159 52 234 137 174 261 234 117 183 360 114 47 36 42 270 172 202 0 94 60 166 722 604 170 116 
7 276 70 110 204 488 0 92 159 15 94 142 166 45 233 143 174 262 231 115 187 360 114 47 37 1 93 60 172 48 317 179 167 
8 276 72 110 201 487 0 86 159 16 94 141 165 70 377 168 105 267 237 98 168 56 230 139 178 361 114 46 36 1 93 61 174 
9 276 73 111 199 486 0 83 159 53 230 155 177 74 376 165 108 267 233 123 181 17 95 139 171 361 113 46 37 1 92 62 178 
10 277 73 109 199 80 227 149 175 269 231 125 181 489 0 77 160 73 322 167 164 20 95 136 173 722 603 169 117 0 90 64 183 369 118 37 33 
11 278 74 108 197 486 0 86 159 271 229 124 183 83 229 156 170 29 97 151 168 721 603 170 117 369 118 38 33 1 89 63 182 
12 279 74 107 198 484 0 87 159 273 232 125 178 91 228 157 167 721 602 170 118 29 98 154 170 326 66 74 162 0 89 66 184 
13 483 0 85 160 276 230 122 176 282 85 93 181 103 221 156 158 86 325 157 162 335 439 101 144 392 343 88 162 327 66 73 162 721 603 171 117 
14 481 0 83 160 277 229 121 176 110 219 153 157 282 87 93 176 85 330 159 154 340 436 97 150 408 348 87 162 
15 478 0 80 158 277 230 122 175 353 437 95 142 279 72 109 200 114 218 147 158 86 328 157 156 0 90 69 187 411 345 83 160 
16 475 1 79 155 283 223 113 181 132 219 145 159 283 60 106 191 410 343 86 160 0 89 71 190 90 332 153 152 354 433 97 146 
17 471 2 83 153 409 339 89 163 291 222 125 189 133 213 146 167 361 430 90 148 284 57 104 195 363 111 47 40 
18 470 1 79 152 291 223 128 187 407 330 93 162 135 212 147 167 283 57 106 193 364 431 90 145 405 547 86 147 0 88 74 195 261 508 106 135 25 96 169 180 363 112 47 39 
19 468 0 74 155 137 212 140 167 292 221 125 189 285 66 88 177 404 329 98 162 364 112 46 39 0 88 73 194 372 426 85 135 
20 143 205 132 176 294 219 123 191 465 1 76 153 284 65 90 175 403 329 101 162 0 90 74 190 363 112 47 39 104 333 125 133 
21 140 203 133 178 295 219 122 192 283 65 91 175 466 0 71 149 105 333 127 134 398 329 108 155 12 89 126 191 0 91 73 188 1 276 80 145 364 112 46 39 
